524.3101196289062 527.0204467773438
1494.714111328125 530.1555786132812
523.3480224609375 552.0433959960938
1492.1556396484375 554.2901611328125
554.0662841796875 610.3309936523438
642.7586059570312 609.5651245117188
1520.190185546875 613.654296875
1293.8824462890625 616.4420776367188
492.412109375 679.265380859375
1458.81103515625 682.4027099609375
687.7017211914062 712.1714477539062
521.7898559570312 733.5787353515625
563.7362670898438 769.3104248046875
555.4004516601562 771.6861572265625
1544.686767578125 772.2819213867188
566.5294189453125 774.1682739257812
560.8444213867188 774.5872192382812
1537.7158203125 786.4577026367188
561.7568969726562 788.7695922851562
1529.83251953125 791.4611206054688
1240.260009765625 798.696533203125
545.0029296875 826.61279296875
1511.617431640625 828.84228515625
551.9116821289062 847.3859252929688
1518.724609375 850.3630981445312
1563.647216796875 867.7335815429688
596.119140625 875.5684814453125
1565.0216064453125 880.8319091796875
601.2197265625 887.0547485351562
1568.756103515625 888.9683837890625
602.1228637695312 895.1140747070312
603.3067626953125 905.5289916992188
1570.4727783203125 909.0516967773438
604.8212280273438 914.132080078125
1571.80419921875 917.6531372070312
567.9759521484375 921.6591186523438
606.1375122070312 923.6685791015625
1572.2720947265625 926.9220581054688
615.007080078125 961.6467895507812
298.82568359375 267.3094177246094
1216.3258056640625 271.5865783691406
1397.64404296875 285.8493957519531
276.55816650390625 343.29669189453125
1185.978759765625 347.5530700683594
273.545654296875 365.3788146972656
1181.243408203125 369.3935546875
1189.07861328125 384.1017761230469
277.121337890625 404.3965148925781
1186.642822265625 408.76092529296875
255.32986450195312 465.2054748535156
261.7601318359375 535.2854614257812
529.1945190429688 585.758056640625
1497.2581787109375 588.7227783203125
1399.2623291015625 596.078125
254.94859313964844 601.4688110351562
1293.523193359375 607.2919921875
625.1410522460938 618.2088012695312
657.30615234375 653.7622680664062
681.8216552734375 664.675537109375
1192.2291259765625 679.7855224609375
689.9873046875 693.4418334960938
1580.6856689453125 692.5499877929688
539.068359375 751.8836059570312
1506.3494873046875 754.2017822265625
559.7763671875 763.509765625
1531.2271728515625 766.9971313476562
570.7088012695312 769.4545288085938
1536.1334228515625 771.0338745117188
1530.2169189453125 779.62744140625
570.9651489257812 781.4202880859375
1541.830322265625 780.7413940429688
563.1043701171875 805.5968017578125
1537.627197265625 813.9348754882812
1560.89697265625 851.9456787109375
590.8700561523438 861.1212768554688
1556.159423828125 862.8585205078125
599.241455078125 868.8787841796875
656.3548583984375 874.044921875
1623.685546875 877.2593994140625
1561.6473388671875 887.0195922851562
1568.775390625 896.1449584960938
298.853271484375 267.6468811035156
1215.995361328125 271.43328857421875
1397.9293212890625 286.0476989746094
233.39646911621094 307.030029296875
273.5290832519531 365.0217590332031
1181.3975830078125 368.7733459472656
297.0626525878906 376.18896484375
1189.2691650390625 385.0935974121094
277.3006591796875 403.5973815917969
1186.68505859375 407.79217529296875
438.89923095703125 486.9711608886719
1387.2236328125 489.26361083984375
1517.9937744140625 529.5109252929688
261.8104248046875 534.59228515625
573.1121215820312 569.2968139648438
529.8914184570312 585.931640625
1498.04638671875 589.0933227539062
450.6287841796875 592.7865600585938
1399.1988525390625 596.627197265625
618.510009765625 605.11962890625
1293.8707275390625 608.0808715820312
634.0907592773438 611.2352905273438
625.4107055664062 619.0043334960938
663.3085327148438 661.6442260742188
1192.304931640625 678.96826171875
690.0161743164062 693.75146484375
1506.500244140625 754.3516235351562
1533.478515625 768.7816162109375
1543.4814453125 781.7258911132812
563.6283569335938 806.20947265625
590.84912109375 861.2734375
600.304931640625 869.8482666015625
601.469482421875 891.7064819335938
1568.781494140625 895.0226440429688
353.65765380859375 196.31423950195312
1330.2215576171875 197.87489318847656
1291.9510498046875 201.4405059814453
398.5063781738281 238.7163848876953
232.92474365234375 306.6572265625
1181.3238525390625 367.14013671875
1189.1695556640625 390.4306335449219
277.99835205078125 400.7916564941406
1187.281494140625 404.57568359375
439.0434875488281 485.495361328125
524.9180297851562 485.9541931152344
1490.9951171875 487.27056884765625
1387.0416259765625 488.0527648925781
548.3568115234375 524.8536987304688
1519.7730712890625 528.2352294921875
261.7345886230469 533.3660278320312
529.7296142578125 570.656982421875
531.9907836914062 589.2011108398438
1499.8040771484375 592.7466430664062
450.73712158203125 594.4378051757812
1399.0426025390625 597.1917724609375
618.3688354492188 603.4379272460938
1408.821044921875 614.8436279296875
476.6618347167969 615.981689453125
1440.09716796875 618.83740234375
627.8523559570312 620.6574096679688
663.03271484375 665.2030639648438
1192.373046875 676.9791259765625
690.4314575195312 694.833984375
553.5606079101562 750.0503540039062
1505.9144287109375 754.45556640625
1522.5672607421875 753.5260620117188
560.7232055664062 765.693115234375
1535.5455322265625 770.7235717773438
1560.5064697265625 852.7896118164062
601.9010620117188 889.1815185546875
1571.5108642578125 916.7177734375
590.7216186523438 861.20654296875
353.96295166015625 196.3137969970703
1291.510009765625 200.74583435058594
397.723388671875 239.66958618164062
1345.8382568359375 243.37452697753906
1188.087646484375 399.5893859863281
439.36279296875 483.1317443847656
1387.6422119140625 485.8223876953125
524.4284057617188 488.4504699707031
1493.93798828125 490.8111877441406
548.7647705078125 524.0985717773438
1520.4730224609375 528.0715942382812
411.35906982421875 561.287109375
1349.099609375 563.6018676757812
530.8892211914062 569.544189453125
568.68603515625 570.6141357421875
1498.997314453125 572.3110961914062
403.9861145019531 584.2344970703125
532.7109985351562 591.975341796875
1499.599853515625 595.191162109375
421.7342224121094 600.2998657226562
1362.871337890625 604.0656127929688
475.7476501464844 614.1162719726562
1439.9757080078125 617.0338134765625
549.8530883789062 630.982666015625
1516.2294921875 633.1226806640625
667.5804443359375 646.8658447265625
661.9337768554688 669.0711059570312
693.2705078125 676.8089599609375
519.5819091796875 749.1477661132812
554.4461669921875 748.0169677734375
1522.7574462890625 750.9840087890625
560.6822509765625 766.955810546875
567.9266967773438 769.7427368164062
1535.317138671875 771.821044921875
570.049072265625 778.2989501953125
1537.440185546875 814.0454711914062
1559.7801513671875 853.1945190429688
1556.669921875 861.6366577148438
1571.658203125 917.2748413085938
396.8793640136719 237.0390625
1344.9764404296875 241.62136840820312
1189.302734375 394.4790344238281
524.9607543945312 493.2276306152344
1496.061767578125 496.8414001464844
555.6798095703125 527.4833984375
1525.4259033203125 529.7469482421875
412.59796142578125 558.5281982421875
1352.7054443359375 561.7136840820312
565.6104736328125 572.6134033203125
535.0006713867188 599.1549072265625
422.9076843261719 601.9900512695312
1502.68994140625 602.0631713867188
1364.995361328125 605.9403076171875
1409.0191650390625 606.04638671875
548.3888549804688 622.8065795898438
1515.490966796875 625.4151611328125
606.7332763671875 647.0841674804688
1569.7259521484375 652.7709350585938
660.9390258789062 673.400390625
563.3006591796875 771.2998046875
1534.0198974609375 773.3807983398438
1150.66357421875 878.0252685546875
396.4281921386719 232.55606079101562
1344.6624755859375 236.1864776611328
279.2447204589844 383.1720275878906
1189.264892578125 390.0316467285156
1154.5926513671875 394.86029052734375
561.7548217773438 527.0567016601562
409.572509765625 557.9938354492188
1349.7069091796875 560.7632446289062
540.8721313476562 612.35302734375
1507.326904296875 614.484619140625
610.0114135742188 652.2730712890625
1571.2593994140625 654.77587890625
661.6673583984375 680.474853515625
522.6744995117188 806.7069091796875
1497.1065673828125 804.2288818359375
1349.974853515625 565.6007690429688
1160.981689453125 592.0890502929688
546.5086059570312 607.8539428710938
1513.56591796875 611.1115112304688
666.0615844726562 691.9490356445312
699.0170288085938 723.188720703125
501.2682800292969 451.6259765625
774.9725952148438 463.6377868652344
1467.015380859375 459.2678527832031
1168.484619140625 480.4185485839844
758.8096313476562 530.4627685546875
1161.5821533203125 592.5150756835938
549.4290161132812 602.2066650390625
